Building03
-24.675 0.0 -23.325 24.675 144.79341 23.325
1
-27.0,0.0,63.0,0.0,1.0,P,;
Building07
-20.90625 -0.27509 -27.84375 20.90625 27.709286 27.84375
1
28.0,0.0,51.0,-90.0,1.0,U,;
Building08
-13.0625 0.0 -13.359375 13.0625 37.640625 13.359375
1
-123.0,0.0,-86.0,90.0,0.4,A,;
Building09
-40.96875 -0.375 -37.875 15.140625 82.21875 37.875
1
15.0,0.0,-258.0,0.0,1.0,E,;
Floor
-999.99994 0.0 -999.99994 999.99994 0.0 999.99994
1
0.0, -0.5, 0.0, 0.0, 0.5, N,;
skyscraper02
-37.0625 -0.03431 -23.609375 37.0625 150.38757 13.4375
1
58.0,0.0,-7.0,-90.0,1.0,;
skyscraper04
-47.29375 0.0 -35.578125 47.29375 314.13913 35.578125
1
-48.0,0.0,-147.0,0.0,1.0,;
skyscraper09
-16.083593 0.0 -8.327347 22.764063 102.31558 18.30156
1
-63.0,0.0,-42.0,0.0,1.0,;
skyscraper13
-39.573 -0.032005 -30.655746 39.091793 343.79614 30.370926
1
-94.0,0.0,58.0,-180.0,1.0,;
Square
-0.5 0.0 -0.5 0.5 0.0 0.5
24
-35.0,0.0,-45.0,0.0,10.0,N,;
-35.0,0.0,-35.0,0.0,10.0,N,;
-35.0,0.0,-25.0,0.0,10.0,N,;
39.0,0.0,-39.0,0.0,10.0,N,;
39.0,0.0,-29.0,0.0,10.0,N,;
39.0,0.0,-19.0,0.0,10.0,N,;
39.0,0.0,-9.0,0.0,10.0,N,;
39.0,0.0,1.0,0.0,10.0,N,;
39.0,0.0,11.0,0.0,10.0,N,;
39.0,0.0,21.0,0.0,10.0,N,;
-5.0,0.0,35.0,0.0,10.0,N,;
-15.0,0.0,35.0,0.0,10.0,N,;
-25.0,0.0,35.0,0.0,10.0,N,;
-35.0,0.0,35.0,0.0,10.0,N,;
-45.0,0.0,35.0,0.0,10.0,N,;
-85.0,0.0,35.0,0.0,10.0,N,;
-75.0,0.0,35.0,0.0,10.0,N,;
-65.0,0.0,35.0,0.0,10.0,N,;
-55.0,0.0,35.0,0.0,10.0,N,;
-35.0,0.0,-55.0,0.0,10.0,N,;
-45.0,0.0,-55.0,0.0,10.0,N,;
-55.0,0.0,-55.0,0.0,10.0,N,;
-65.0,0.0,-55.0,0.0,10.0,N,;
-75.0,0.0,-55.0,0.0,10.0,N,;
End