ChainLinkFence
-1.241 0.0 -0.20300001 1.458998 2.819998 0.317
29
-79.0,0.0,-22.0,90.0,1.0,B,;
-79.0,0.0,-19.0,90.0,1.0,B,;
-79.0,0.0,-16.0,90.0,1.0,B,;
-79.0,0.0,-13.0,90.0,1.0,B,;
-79.0,0.0,-10.0,90.0,1.0,B,;
-79.0,0.0,-7.0,90.0,1.0,B,;
-79.0,0.0,-4.0,90.0,1.0,B,;
-79.0,0.0,-1.0,90.0,1.0,B,;
-79.0,0.0,2.0,90.0,1.0,B,;
-79.0,0.0,5.0,90.0,1.0,B,;
-79.0,0.0,8.0,90.0,1.0,B,;
-79.0,0.0,11.0,90.0,1.0,B,;
-110.0,0.0,26.0,90.0,1.0,B,;
-110.0,0.0,23.0,90.0,1.0,B,;
-110.0,0.0,20.0,90.0,1.0,B,;
-110.0,0.0,17.0,90.0,1.0,B,;
-110.0,0.0,14.0,90.0,1.0,B,;
-108.0,0.0,12.0,0.0,1.0,B,;
-105.0,0.0,12.0,0.0,1.0,B,;
-102.0,0.0,12.0,0.0,1.0,B,;
-99.0,0.0,12.0,0.0,1.0,B,;
-96.0,0.0,12.0,0.0,1.0,B,;
-93.0,0.0,12.0,0.0,1.0,B,;
-90.0,0.0,12.0,0.0,1.0,B,;
-87.0,0.0,12.0,0.0,1.0,B,;
-84.0,0.0,12.0,0.0,1.0,B,;
-81.0,0.0,12.0,0.0,1.0,B,;
-53.0,0.0,41.0,180.0,1.0,;
-1.0,0.0,43.0,180.0,1.0,;
Dead_Tree
-1.503305 -0.006103 -2.404378 2.855181 5.659386 1.821794
3
79.0,0.0,-158.0,180.0,1.0,;
107.0,0.0,-158.0,-90.0,1.0,;
58.0,0.0,-158.0,180.0,1.0,;
Green_Tree
-2.553675 -0.074557 -2.497493 3.534894 6.853742 3.630362
3
66.0,0.0,-158.0,0.0,1.0,;
78.0,0.0,-146.0,180.0,1.0,;
87.0,0.0,-167.0,-90.0,1.0,;
Red_Tree
-2.939155 -0.006103 -3.0548 4.104391 6.278451 2.639079
2
96.0,0.0,-147.0,0.0,1.0,;
93.0,0.0,-156.0,90.0,1.0,;
Waypoint: Path 0
0.0 0.0 0.0 0.0 0.0 0.0
5
15.0,0.0,-208.0,0.0,1.0,;
18.0,0.0,-153.0,0.0,1.0,;
15.0,0.0,-90.0,0.0,1.0,;
2.0,0.0,-32.0,0.0,1.0,;
-19.0,0.0,8.0,0.0,1.0,;
Waypoint: Path 1
0.0 0.0 0.0 0.0 0.0 0.0
6
2.0,0.0,-208.0,0.0,1.0,;
-107.0,0.0,-193.0,0.0,1.0,;
-121.0,0.0,-141.0,0.0,1.0,;
-91.0,0.0,-77.0,0.0,1.0,;
-118.0,0.0,-24.0,0.0,1.0,;
-64.0,0.0,15.0,0.0,1.0,;